52 0.063798828125 0.02170572916666667 0.1267578125 0.041171875000000004
2 0.106337890625 0.12501302083333335 0.117255859375 0.037083333333333336
51 0.131435546875 0.15861979166666665 0.059609375 0.024101562500000003
47 0.072607421875 0.18639322916666667 0.048046875 0.034856770833333335
3 0.084287109375 0.21483072916666668 0.05533203125 0.027200520833333335
4 0.07044921875 0.23946614583333334 0.116416015625 0.020416666666666666
54 0.1788203125 0.173015625 0.1794873046875 0.38303906249999997 0.170724609375 0.38347265625 0.1706845703125 0.40106250000000004 0.1779072265625 0.4015377604166666 0.1799609375 0.7233450520833333 0.236650390625 0.7245221354166667 0.237826171875 0.8356445312499999 0.2534287109375 0.8323593749999999 0.2935458984375 0.8329414062499999 0.4709833984375 0.8333203125 0.4715810546875 0.5003736979166666 0.591681640625 0.5004466145833334 0.5916416015625 0.61110546875 0.9457138671875 0.6102721354166667 0.9464697265625 0.6452278645833334 0.9586064453125 0.6452278645833334 0.962265625 0.50080859375 0.9524853515625 0.48323958333333333 0.950380859375 0.11858984374999999 0.8984287109375 0.11973958333333333 0.8972626953125 0.17338802083333335
45 0.86115234375 0.7931380208333333 0.075888671875 0.049752604166666665
46 0.93958984375 0.7934505208333333 0.07509765625 0.051015625
0 0.86103515625 0.8468489583333333 0.07517578125 0.050143229166666664
1 0.938955078125 0.8476822916666666 0.075751953125 0.050546875
49 0.8615234375 0.9004687499999999 0.076162109375 0.05100260416666667
50 0.93890625 0.900078125 0.0732421875 0.050872395833333334
53 0.93875 0.9533072916666666 0.075810546875 0.04903645833333333
6 0.234541015625 0.2801822916666667 0.011826171875 0.018059895833333332
16 0.892666015625 0.28076822916666666 0.013251953125 0.0185546875
26 0.89234375 0.503515625 0.01333984375 0.017096354166666668
36 0.235107421875 0.5027343750000001 0.010439453125 0.020794270833333333