52 0.06703125 0.026549479166666667 0.1048046875 0.028385416666666666
2 0.1063671875 0.13463541666666667 0.11451171875 0.017200520833333333
51 0.131669921875 0.16102864583333334 0.058193359375 0.016666666666666666
47 0.075126953125 0.187421875 0.05376953125 0.024244791666666668
3 0.083232421875 0.22373697916666668 0.053662109375 0.04490885416666667
45 0.13376953125 0.4564192708333333 0.0753125 0.05161458333333333
46 0.211474609375 0.4563802083333333 0.074814453125 0.050625
0 0.134423828125 0.5099869791666667 0.074560546875 0.05046875
1 0.2115625 0.5101302083333333 0.074296875 0.05075520833333333
49 0.13453125 0.5630989583333333 0.0751171875 0.050234375
50 0.21146484375 0.5632682291666666 0.07478515625 0.050130208333333336
53 0.211484375 0.6165364583333334 0.07482421875 0.05065104166666667
54 0.34755859375 0.04010416666666667 0.3477255859375 0.04173177083333333 0.3467177734375 0.04169661458333334 0.346732421875 0.04320442708333333 0.3458408203125 0.043130208333333336 0.34571875 0.5575520833333333 0.34682421875 0.5576263020833333 0.3468466796875 0.5600403645833333 0.347599609375 0.5600403645833333 0.347625 0.561359375 0.347927734375 0.5912083333333333 0.3468388671875 0.5912083333333333 0.3468388671875 0.5926640625 0.345703125 0.592734375 0.3456982421875 0.7084817708333334 0.34677734375 0.7084817708333334 0.346845703125 0.709828125 0.347810546875 0.709828125 0.347767578125 0.7110377604166667 0.44924609375 0.7110611979166667 0.449228515625 0.7199752604166667 0.4501796875 0.7201627604166667 0.450296875 0.7215455729166668 0.4533076171875 0.7217044270833334 0.45330859375 0.7294505208333333 0.4541025390625 0.72949609375 0.4540634765625 0.7347031249999999 0.455126953125 0.7347734375 0.45506640625 0.73967578125 0.45606640625 0.7398346354166666 0.4560751953125 0.7451067708333333 0.4571650390625 0.7451067708333333 0.4569716796875 0.7501315104166667 0.458005859375 0.7501692708333333 0.4580361328125 0.7554674479166666 0.4591015625 0.7554674479166666 0.45917578125 0.7605104166666666 0.4600302734375 0.7605494791666666 0.460119140625 0.7657877604166666 0.461095703125 0.7658958333333333 0.4611171875 0.7711822916666667 0.462001953125 0.7714466145833333 0.4620908203125 0.7764505208333333 0.46296875 0.7764505208333333 0.4629072265625 0.7802213541666667 0.463947265625 0.7802213541666667 0.46411328125 0.7868385416666667 0.4648125 0.7870546875 0.46496484375 0.7916236979166666 0.4658974609375 0.7918190104166666 0.465869140625 0.7969700520833333 0.4667978515625 0.7970494791666667 0.4667705078125 0.80105078125 0.467884765625 0.8010872395833334 0.46791015625 0.8063567708333333 0.46870703125 0.8065247395833333 0.4686416015625 0.8114270833333334 0.4697861328125 0.8114270833333334 0.4697626953125 0.8167317708333334 0.4706552734375 0.81683984375 0.47062890625 0.8217942708333333 0.4716494140625 0.8219322916666667 0.4716884765625 0.8270208333333334 0.472791015625 0.8272018229166668 0.47283203125 0.8322473958333334 0.473779296875 0.8323476562500001 0.47378515625 0.83762109375 0.474662109375 0.8377187500000001 0.4746201171875 0.8425755208333333 0.4755859375 0.8426393229166668 0.4757060546875 0.8479049479166667 0.4766025390625 0.8482057291666667 0.476732421875 0.8530052083333333 0.477525390625 0.85313671875 0.4774716796875 0.8557226562500001 0.4854775390625 0.8557773437499999 0.4854912109375 0.8504804687499999 0.4845458984375 0.8504804687499999 0.4845283203125 0.8449752604166667 0.483537109375 0.8450768229166666 0.4835888671875 0.8399492187500001 0.482548828125 0.8399492187500001 0.4825419921875 0.8358697916666666 0.4816083984375 0.8359661458333334 0.48158984375 0.8307486979166666 0.480544921875 0.8306809895833333 0.4806142578125 0.8269153645833334 0.4796484375 0.8269153645833334 0.4795498046875 0.8202747395833333 0.4785419921875 0.8202747395833333 0.4785595703125 0.8164661458333334 0.477591796875 0.8164335937499999 0.477595703125 0.8127174479166667 0.4767470703125 0.81278515625 0.4767158203125 0.8059127604166667 0.475638671875 0.8058841145833333 0.475638671875 0.80196875 0.474712890625 0.8025455729166667 0.47475390625 0.7982096354166667 0.4737509765625 0.7982096354166667 0.4739150390625 0.79284375 0.472822265625 0.79284375 0.472775390625 0.7877018229166667 0.4717578125 0.7877330729166667 0.4717646484375 0.78267578125 0.4708486328125 0.7828072916666667 0.4709404296875 0.7773906249999999 0.469873046875 0.7773255208333333 0.4698046875 0.7723424479166666 0.4688115234375 0.7724427083333333 0.4687802734375 0.7672799479166666 0.4678310546875 0.7672395833333333 0.4679013671875 0.76305078125 0.4668212890625 0.7631692708333334 0.4682353515625 0.7595078125 0.466046875 0.7583606770833334 0.4659287109375 0.7539361979166667 0.4649326171875 0.7539361979166667 0.4648779296875 0.7487096354166667 0.463966796875 0.7487096354166667 0.4638798828125 0.7447486979166666 0.462958984375 0.7447486979166666 0.462830078125 0.7397187500000001 0.46203515625 0.7395078125 0.461984375 0.7317877604166667 0.4610107421875 0.7317877604166667 0.4609599609375 0.72412109375 0.459962890625 0.72412109375 0.4599501953125 0.7215807291666666 0.464958984375 0.7215807291666666 0.464904296875 0.7177955729166667 0.4640517578125 0.7176692708333333 0.46399609375 0.71115625 0.524396484375 0.71098046875 0.52437109375 0.7095364583333333 0.525373046875 0.7095364583333333 0.5255263671875 0.7086015625000001 0.526513671875 0.7085729166666667 0.5461005859375 0.7072369791666667 0.8261025390625 0.7071432291666667 0.8468046875 0.7111497395833334 0.923828125 0.7111536458333334 0.9259248046875 0.7084544270833333 0.925728515625 0.45217187499999995 0.925755859375 0.44799609375 0.93368359375 0.4481002604166667 0.93352734375 0.4349869791666667 0.926923828125 0.43486979166666667 0.925908203125 0.43095833333333333 0.925732421875 0.04325130208333333 0.9238037109375 0.04059505208333333 0.4541767578125 0.04051171875 0.4541279296875 0.03660546875 0.45313671875 0.036696614583333335 0.45312109375 0.024509114583333335 0.452333984375 0.024545572916666664 0.452298828125 0.014350260416666668 0.4511201171875 0.014190104166666667 0.4512490234375 0.0028046875 0.4503125 0.0028046875 0.4503359375 0.00139453125 0.44838671875 0.0013619791666666667 0.438556640625 0.000055989583333333327 0.42874609375 0.000029947916666666665 0.4287822265625 0.006712239583333334 0.4277763671875 0.006752604166666666 0.4277607421875 0.04051953125
48 0.4619140625 0.15065104166666668 0.461970703125 0.15648958333333332 0.4629423828125 0.15658072916666668 0.463056640625 0.16953385416666666 0.463923828125 0.16963411458333333 0.4640068359375 0.18234765625000002 0.520666015625 0.18254296875 0.52059375 0.15125911458333333
4 0.17154296875 0.20618489583333333 0.1184765625 0.03692708333333333
7 0.53662109375 0.16641927083333333 0.0203125 0.025013020833333333
17 0.835888671875 0.16740885416666665 0.020927734375 0.023372395833333334
27 0.835693359375 0.5755729166666667 0.022548828125 0.033398437499999996
37 0.535986328125 0.575078125 0.02216796875 0.033294270833333334