52 0.119375 0.027369791666666667 0.2151953125 0.0399609375
2 0.642685546875 0.029843750000000002 0.11814453125 0.017161458333333334
51 0.66689453125 0.05537760416666667 0.057880859375 0.016796875
47 0.609013671875 0.082734375 0.052685546875 0.03358072916666666
3 0.619326171875 0.111796875 0.056142578125 0.033828125
54 0.1053486328125 0.22482552083333332 0.1059267578125 0.6526315104166667 0.0003251953125 0.6511393229166667 0.0003955078125 0.6919414062499999 0.2715205078125 0.9267330729166666 0.281373046875 0.9061653645833333 0.2820234375 0.8428333333333334 0.285193359375 0.8427291666666666 0.2852353515625 0.8445026041666667 0.4056396484375 0.84444140625 0.405751953125 0.8459166666666667 0.413548828125 0.8457786458333333 0.41347265625 0.8442526041666666 0.4183837890625 0.8442408854166666 0.4185244140625 0.8425677083333333 0.422275390625 0.8425807291666666 0.422224609375 0.841265625 0.4251298828125 0.8411614583333332 0.425130859375 0.83976953125 0.560064453125 0.8400481770833333 0.570427734375 0.8401848958333332 0.5705439453125 0.8442851562499999 0.575263671875 0.8442890625 0.575482421875 0.8457395833333333 0.6265478515625 0.846046875 0.6266630859375 0.8324674479166667 0.6341943359375 0.8325078124999999 0.6342255859375 0.8469440104166667 0.7390556640625 0.846328125 0.73915234375 0.8410963541666666 0.75002734375 0.8410716145833333 0.7501337890625 0.8457825520833334 0.801900390625 0.8451341145833333 0.80664453125 0.8451354166666666 0.8068232421875 0.8341809895833333 0.81562109375 0.8341888020833333 0.8156337890625 0.8459153645833334 0.9381943359375 0.8446875 0.9382060546875 0.8368463541666666 0.932958984375 0.7994192708333333 0.9309443359375 0.7538372395833334 0.9311669921875 0.70624609375 0.9276083984375 0.65667578125 0.92135546875 0.6183177083333333 0.916873046875 0.5999921874999999 0.91327734375 0.58665234375 0.9134990234375 0.5488164062499999 0.92257421875 0.5115494791666667 0.93009765625 0.45110156250000005 0.9302822265625 0.4386302083333333 0.927314453125 0.42435677083333334 0.927265625 0.229140625 0.69282421875 0.22888932291666667 0.69280078125 0.2274375 0.50218359375 0.22756510416666667 0.501978515625 0 0.4939853515625 0 0.494228515625 0.22908072916666666 0.4838603515625 0.22914192708333334 0.48371875 0.228078125
48 0.908203125 0.233984375 0.908099609375 0.4207213541666666 0.9081630859375 0.4975859375 0.898083984375 0.49726302083333335 0.8889296875 0.47045052083333333 0.88301171875 0.46994270833333335 0.8838203125 0.5008072916666667 0.8827158203125 0.5011393229166666 0.8827685546875 0.5486497395833333 0.8853623046875 0.5489609375 0.9030166015625 0.5655559895833333 0.8856748046875 0.6372005208333333 0.885697265625 0.6406783854166667 0.88414453125 0.6406471354166666 0.883779296875 0.6248645833333334 0.8850888671875 0.6247916666666666 0.8848134765625 0.6075052083333333 0.886021484375 0.6075364583333334 0.886044921875 0.5891276041666667 0.88605859375 0.5873007812500001 0.8830322265625 0.58742578125 0.8818564453125 0.5919075520833333 0.8818583984375 0.6065286458333333 0.8807021484375 0.6068255208333333 0.880734375 0.66580078125 0.8845673828125 0.6865221354166667 0.8845302734375 0.7361783854166667 0.88646875 0.7363098958333333 0.886041015625 0.6916119791666667 0.8967109375 0.6557070312500001 0.89683984375 0.6531210937499999 0.9079482421875 0.6530781250000001 0.907841796875 0.7341067708333333 0.9080654296875 0.7569140624999999 0.9056357421875 0.7570026041666668 0.9054072265625 0.76888671875 0.903861328125 0.7690182291666666 0.904037109375 0.7831302083333332 0.90318359375 0.7833932291666666 0.9026259765625 0.8069479166666667 0.9046328125 0.8070429687499999 0.9041904296875 0.8262213541666666 0.9055107421875 0.826171875 0.90543359375 0.841140625 0.9379755859375 0.8410533854166666 0.937578125 0.8378190104166667 0.936759765625 0.8376067708333333 0.936884765625 0.8317369791666667 0.9357314453125 0.8314049479166666 0.9358271484375 0.8253177083333334 0.93475 0.8252135416666667 0.9348291015625 0.8179361979166666 0.9338994140625 0.8177330729166666 0.9338369140625 0.8099934895833334 0.931796875 0.7876627604166666 0.9303662109375 0.7875559895833333 0.930775390625 0.7082174479166666 0.9300361328125 0.7082890625 0.9301845703125 0.68813671875 0.929041015625 0.6881067708333334 0.9292646484375 0.6758229166666667 0.9280146484375 0.6759856770833333 0.9281689453125 0.66549609375 0.9271552734375 0.6654505208333333 0.9269921875 0.6567356770833334 0.9261796875 0.656609375 0.926056640625 0.6485416666666667 0.924833984375 0.64847265625 0.9248095703125 0.6420416666666667 0.9238720703125 0.64198046875 0.923955078125 0.6359010416666667 0.9230048828125 0.6359010416666667 0.9228740234375 0.6291302083333333 0.9219326171875 0.6288645833333334 0.922138671875 0.6238046875 0.920638671875 0.6237304687499999 0.9211767578125 0.6186484375 0.920091796875 0.6184466145833333 0.9199794921875 0.6148645833333334 0.9192314453125 0.6144205729166666 0.918927734375 0.6091419270833334 0.917966796875 0.60855859375 0.9181162109375 0.6050820312499999 0.9172529296875 0.6050494791666666 0.917275390625 0.6013606770833334 0.916060546875 0.6013606770833334 0.9160263671875 0.5973815104166667 0.9147255859375 0.5969036458333333 0.914935546875 0.5942395833333333 0.9142392578125 0.5940729166666666 0.9140478515625 0.5912942708333333 0.9131669921875 0.5894791666666667 0.9131669921875 0.5881197916666666 0.913341796875 0.5486171875 0.923205078125 0.5049479166666667 0.93046875 0.4476575520833333 0.9271103515625 0.42442578125 0.9268330078125 0.23285156250000003
4 0.70654296875 0.10467447916666667 0.11671875 0.02516927083333333
9 0.16560546875 0.32481770833333334 0.012646484375 0.017083333333333332
19 0.875947265625 0.3279817708333333 0.01341796875 0.018463541666666666
29 0.8765234375 0.746640625 0.0145703125 0.01696614583333333
39 0.164580078125 0.6439192708333333 0.01251953125 0.0159765625