52 0.069404296875 0.02837239583333333 0.119580078125 0.03623697916666666
2 0.106044921875 0.12859375 0.115634765625 0.02959635416666667
51 0.132470703125 0.15756510416666666 0.06169921875 0.02321614583333333
47 0.073759765625 0.18734375 0.05068359375 0.0380078125
3 0.083359375 0.21748697916666668 0.057236328125 0.039713541666666664
4 0.06994140625 0.2373828125 0.11578125 0.024296875
45 0.314755859375 0.12825520833333334 0.07439453125 0.05028645833333333
46 0.39263671875 0.12794270833333335 0.07564453125 0.05059895833333333
0 0.31462890625 0.18209635416666667 0.074638671875 0.05053385416666667
1 0.39275390625 0.18113281250000002 0.075537109375 0.050455729166666664
49 0.314921875 0.23473958333333333 0.075 0.04958333333333333
50 0.39271484375 0.23513020833333334 0.075927734375 0.049440104166666665
53 0.3928515625 0.28848958333333335 0.0762109375 0.05024739583333334
54 0.065234375 0.440625 0.0649375 0.8243645833333333 0.471208984375 0.8238932291666666 0.472255859375 0.9986979166666666 0.48721484375 0.9986393229166667 0.484634765625 0.8862981770833334 0.4849443359375 0.82351171875 0.6755556640625 0.82394921875 0.679173828125 0.8281510416666666 0.8740283203125 0.8267812499999999 0.8775830078125 0.8209934895833334 0.8826494140625 0.8208684895833334 0.887275390625 0.8265625 0.9360419921875 0.8268268229166668 0.9322529296875 0.6978932291666666 0.9226884765625 0.5761158854166667 0.9155849609375 0.5733776041666666 0.91476171875 0.5607916666666667 0.9200439453125 0.55869140625 0.919794921875 0.4655 0.9065751953125 0.31027994791666663 0.89150390625 0.30867057291666666 0.8919677734375 0.29625130208333333 0.9102373046875 0.29530989583333334 0.9107314453125 0.17806770833333332 0.4858759765625 0.17700651041666668 0.4821083984375 0.21222005208333336 0.4822939453125 0.28534895833333335 0.4693232421875 0.2894791666666667 0.4692607421875 0.29635416666666664 0.47291796875 0.30929817708333335 0.4715830078125 0.4410390625
48 0.88621484375 0.1769921875 0.8880263671875 0.4170377604166667 0.884759765625 0.4174166666666667 0.8845498046875 0.45673437499999997 0.888263671875 0.55514453125 0.8883955078125 0.5840611979166667 0.90209765625 0.5842903645833334 0.9024619140625 0.6077734375 0.9101416015625 0.6759986979166667 0.889662109375 0.6805559895833334 0.8893447265625 0.69103125 0.8892724609375 0.7138684895833333 0.914107421875 0.7142981770833333 0.91462890625 0.8220872395833334 0.9348828125 0.8220507812500001 0.931990234375 0.69773046875 0.922568359375 0.5771875 0.9160478515625 0.57194140625 0.9155947265625 0.55851953125 0.9201103515625 0.5572213541666667 0.919208984375 0.4638645833333333 0.9055068359375 0.31208854166666666 0.8921201171875 0.30883723958333337 0.892421875 0.29593880208333334 0.910509765625 0.29428906250000003 0.91031640625 0.17871744791666666
8 0.130322265625 0.5669791666666667 0.014140625 0.021588541666666666
18 0.809765625 0.3023046875 0.014609375 0.020182291666666668
28 0.810341796875 0.6989973958333334 0.014541015625 0.020703125
38 0.13103515625 0.6990755208333334 0.015400390625 0.021809895833333332