52 0.07353515625 0.026627604166666666 0.1191796875 0.04188802083333334
2 0.10630859375 0.12705729166666666 0.117978515625 0.030585937499999997
51 0.132666015625 0.15703124999999998 0.06251953125 0.024283854166666664
47 0.07447265625 0.18720052083333336 0.052275390625 0.0309765625
3 0.083349609375 0.2183984375 0.052451171875 0.0284765625
4 0.170146484375 0.2021875 0.117890625 0.043164062499999996
45 0.1457421875 0.4327734375 0.07515625 0.04981770833333333
46 0.2234765625 0.4333203125 0.07447265625 0.05091145833333333
0 0.146259765625 0.48691406249999997 0.07470703125 0.05049479166666667
1 0.22333984375 0.48727864583333336 0.07560546875 0.0500390625
49 0.14609375 0.5401041666666667 0.074375 0.049713541666666666
50 0.223369140625 0.5405729166666667 0.07568359375 0.04889322916666666
53 0.22349609375 0.5937239583333334 0.075048828125 0.04983072916666667
48 0.52830078125 0.47225260416666665 0.056494140625 0.08091145833333334
54 0.6315263671875 0.03779036458333333 0.7499677734375 0.03827604166666667 0.8653544921875 0.038358072916666666 0.86540234375 0.12103385416666666 0.8722060546875 0.12070703125 0.8720830078125 0.13953515625 0.8653828125 0.13961197916666665 0.865125 0.70251171875 0.8798623046875 0.7027669270833333 0.8799365234375 0.7221145833333332 0.8652314453125 0.7224713541666666 0.8651162109375 0.8553802083333334 0.88966015625 0.85535546875 0.885171875 0.96249609375 0.7483310546875 0.8672018229166666 0.7380830078125 0.89208984375 0.7006162109375 0.9242825520833334 0.63728125 0.8958958333333333 0.6305068359375 0.7987356770833333 0.6246767578125 0.5202630208333333 0.497705078125 0.5214622395833334 0.4969970703125 0.4281419270833333 0.6316796875 0.43027343749999997
11 0.626513671875 0.13153645833333333 0.01189453125 0.01567708333333333
21 0.86919921875 0.13092447916666666 0.01216796875 0.0169140625
41 0.6233203125 0.7131119791666666 0.013701171875 0.0205078125
31 0.871044921875 0.7130859374999999 0.015576171875 0.01825520833333333