54 0.1503515625 0.604609375 0.075009765625 0.05059895833333333
46 0.228115234375 0.6045833333333334 0.07462890625 0.050481770833333335
0 0.150771484375 0.6582161458333333 0.075419921875 0.05080729166666667
1 0.2280859375 0.658203125 0.0748828125 0.050377604166666666
49 0.150390625 0.7112630208333334 0.075126953125 0.0502734375
50 0.22830078125 0.7114453125 0.075576171875 0.0510546875
53 0.2283203125 0.7650520833333333 0.075302734375 0.05096354166666667
54 0.0447080078125 0.02307421875 0.045111328125 0.40112369791666663 0.1477431640625 0.4004817708333333 0.264880859375 0.45434895833333333 0.8494130859375 0.9385833333333333 0.8445498046875 0.8002317708333333 0.8311904296875 0.7798932291666666 0.8290546875 0.2857018229166667 0.5431669921875 0.28526692708333334 0.5424794921875 0.15872526041666665 0.471953125 0.15819140625 0.4723515625 0.013466145833333333 0.1930439453125 0.012694010416666667 0.169353515625 0.021834635416666665 0.044943359375 0.023516927083333333 0.0444619140625 0.022716145833333336
2 0.81126953125 0.11110677083333333 0.11671875 0.0313671875
51 0.839013671875 0.14127604166666666 0.062958984375 0.023919270833333336
47 0.780126953125 0.169765625 0.04876953125 0.03657552083333333
3 0.786875 0.20247395833333334 0.058447265625 0.027369791666666667
4 0.876630859375 0.19479166666666667 0.118525390625 0.02569010416666667
52 0.86166015625 0.019739583333333335 0.09013671875 0.0354296875
12 0.18560546875 0.27815104166666665 0.0187109375 0.018385416666666664
22 0.472060546875 0.27703125 0.013740234375 0.016171875
32 0.7630078125 0.6627734375 0.01515625 0.018515625
42 0.5432421875 0.537734375 0.015908203125 0.018424479166666667