52 0.0710546875 0.030481770833333335 0.07466796875 0.03170572916666667
2 0.1067578125 0.13147135416666667 0.116171875 0.023515625
51 0.13052734375 0.15837239583333332 0.057744140625 0.022109375
47 0.072998046875 0.18601562500000002 0.04962890625 0.029283854166666665
3 0.08451171875 0.21615885416666666 0.05205078125 0.02861979166666667
45 0.127978515625 0.404609375 0.068115234375 0.0483984375
46 0.197744140625 0.4049088541666667 0.0669921875 0.048919270833333334
0 0.12791015625 0.4581119791666666 0.068037109375 0.04899739583333334
1 0.198173828125 0.45864583333333336 0.067216796875 0.050078125
49 0.128115234375 0.51140625 0.067294921875 0.0487890625
50 0.19822265625 0.5113671875 0.06689453125 0.04872395833333334
53 0.197568359375 0.5651041666666666 0.066025390625 0.0487890625
48 0.22236328125 0.10507812500000001 0.25547265625 0.22077473958333335 0.265658203125 0.2242330729166667 0.2689658203125 0.32271614583333336 0.3060185546875 0.32286328125 0.3098427734375 0.32287630208333334 0.3104375 0.2893971354166667 0.2703291015625 0.18137890625 0.3058515625 0.210171875 0.307701171875 0.21039062500000003 0.3261943359375 0.25867708333333334 0.3721640625 0.25851171875 0.389744140625 0.27424348958333333 0.43809375 0.28865234375 0.5053896484375 0.290078125 0.5231787109375 0.28931380208333335 0.5381103515625 0.28637239583333335 0.562896484375 0.28656901041666666 0.5723828125 0.2832604166666667 0.5879677734375 0.29092838541666666 0.6131416015625 0.2846471354166667 0.6363984375 0.2847721354166667 0.7023037109375 0.24917578124999998 0.7182080078125 0.20929166666666665 0.7545126953125 0.20944270833333334 0.7745556640625 0.1977591145833333 0.8405478515625 0.19759375 0.840419921875 0.20876953125 0.880841796875 0.20864973958333333 0.881013671875 0.22359765625000003 0.8987216796875 0.2239622395833333 0.9058564453125 0.22457552083333332 0.9085341796875 0.22500520833333335 0.90762890625 0.46766145833333334 0.900572265625 0.4753151041666666 0.9007744140625 0.5095403645833333 0.8697216796875 0.5643346354166666 0.8605400390625 0.573734375 0.851927734375 0.57371484375 0.8520166015625 0.5933411458333333 0.9152998046875 0.5929908854166667 0.9160849609375 0.6052486979166667 0.9269697265625 0.6057148437500001 0.927654296875 0.7103125 0.9447939453125 0.7096315104166666 0.960306640625 0.6969505208333334 0.966376953125 0.5982369791666667 0.9662490234375 0.50011328125 0.9365244140625 0.4797239583333333 0.9288203125 0.36970442708333334 0.92942578125 0.21108593750000001 0.9135556640625 0.18958203124999998 0.894830078125 0.17571223958333335 0.872322265625 0.16596875 0.8429580078125 0.15962369791666667 0.79134375 0.15320963541666668 0.7878154296875 0.14631901041666667 0.6561474609375 0.2275807291666667 0.590962890625 0.2640078125 0.525251953125 0.27541927083333334 0.500943359375 0.2764375 0.43686328125 0.2646263020833333 0.395111328125 0.24873828125 0.32839453125 0.20442317708333335 0.2781826171875 0.15554296874999998 0.2352333984375 0.09508072916666667
4 0.1705859375 0.21053385416666667 0.116142578125 0.02756510416666667
54 0.222029296875 0.10490494791666666 0.235728515625 0.14207552083333333 0.2472734375 0.17850651041666665 0.253375 0.20032682291666667 0.2548212890625 0.21984895833333332 0.254263671875 0.59701171875 0.1887041015625 0.5977057291666666 0.188578125 0.7143958333333332 0.9460615234375 0.7124947916666667 0.9581181640625 0.6977070312500001 0.9602421875 0.6878541666666668 0.9635673828125 0.6706484375 0.964982421875 0.6092552083333334 0.9655380859375 0.49775911458333333 0.9367451171875 0.47908854166666665 0.935193359375 0.4778072916666667 0.92764453125 0.3727018229166667 0.9282841796875 0.20995182291666667 0.912248046875 0.18973828125 0.8972783203125 0.1777630208333333 0.8797109375 0.16870703125 0.8570458984375 0.16184244791666666 0.8275654296875 0.15669010416666665 0.797201171875 0.15350390625000002 0.7909736328125 0.1537734375 0.7881064453125 0.14626302083333334 0.65516015625 0.22802994791666667 0.6553408203125 0.2231861979166667 0.6331484375 0.22325130208333333 0.6332822265625 0.24108333333333332 0.590416015625 0.2646796875 0.5905263671875 0.2579544270833333 0.5686015625 0.25759895833333335 0.5683837890625 0.2713880208333333 0.5239208984375 0.27570572916666664 0.524017578125 0.26263411458333336 0.524056640625 0.26108333333333333 0.5188037109375 0.260734375 0.5029619140625 0.26101171875 0.50297265625 0.27642317708333336 0.498818359375 0.27645442708333334 0.4978359375 0.27505729166666665 0.4860185546875 0.2750651041666667 0.4848525390625 0.27423046875 0.4755712890625 0.27406640625 0.47529296875 0.2724479166666667 0.4683125 0.27290625 0.4682373046875 0.27122265625 0.4614482421875 0.27159244791666665 0.4612841796875 0.2695299479166667 0.458296875 0.26949609375 0.45826953125 0.2625390625 0.438591796875 0.25285416666666666 0.436787109375 0.25292317708333334 0.436720703125 0.2646328125 0.3927734375 0.24738020833333332 0.39228125 0.23041796875 0.38859765625 0.22890364583333334 0.3736982421875 0.2203359375 0.3722119140625 0.2207109375 0.3711650390625 0.22059244791666666 0.3712880859375 0.23626171875000002 0.3272109375 0.20402734375 0.3269462890625 0.18282421875 0.3223251953125 0.17840104166666668 0.3064912109375 0.16650911458333334 0.3053017578125 0.16614973958333332 0.3050830078125 0.18479036458333334 0.288423828125 0.16691927083333333 0.2616484375 0.13406901041666666 0.234896484375 0.09517447916666666
14 0.315576171875 0.335859375 0.013662109375 0.015690104166666666
24 0.842294921875 0.3358072916666666 0.01232421875 0.017955729166666667
34 0.84232421875 0.5926041666666667 0.012578125 0.021393229166666666
44 0.316484375 0.5921354166666667 0.013427734375 0.019856770833333332